0 0.020245398773006126 0.6567961793573193 0.04049079754601225 0.6626857598947679
0 0.47730061349693254 0.6085889570552148 0.07852760736196317 0.5715064758009544
0 0.37055214723926383 0.46680299931833674 0.03680981595092021 0.19631901840490806
0 0.4165644171779141 0.4308111792774369 0.028220858895705518 0.11997273346966601
0 0.5680981595092025 0.41336059986366736 0.031901840490797466 0.11124744376278116
0 0.5220858895705521 0.452624403544649 0.02576687116564429 0.1810497614178596
0 0.5398773006134969 0.42099522835719155 0.009815950920245342 0.12215405589638721
0 0.39570552147239263 0.45480572597137015 0.025766871165644148 0.16359918200409004
0 0.9815950920245399 0.554274025301423 0.03680981595092021 0.4367007431727164
0 0.8386503067484662 0.4286298568507158 0.015950920245398806 0.13742331288343557
0 0.8067484662576686 0.40463531015678256 0.020858895705521404 0.0632583503749148
0 0.6241842646118311 0.3955894299246841 0.011427999810904836 0.04063288821654993
