0 0.04662576687116565 0.5922290388548057 0.0687116564417178 0.7132924335378322
0 0.1374233128834356 0.59986366734833 0.09570552147239265 0.7721881390593047
0 0.25644171779141106 0.6009543285616905 0.11779141104294479 0.7918200408997955
0 0.350920245398773 0.45480572597137015 0.056441717791411036 0.2464894342194956
0 0.42024539877300604 0.4319018404907976 0.05030674846625763 0.13524199045671462
0 0.45030674846625773 0.4242672119972734 0.024539877300613498 0.11561008861622363
0 0.4736196319018405 0.4089979550102249 0.026993865030674864 0.08070892978868423
0 0.5306748466257669 0.4068166325835037 0.025766871165644148 0.07198364008179958
0 0.5668711656441718 0.41117927743694616 0.022085889570552127 0.05889570552147234
0 0.7453987730061349 0.43626448534423995 0.023312883435582847 0.08289025221540555
0 0.6683725305473294 0.41387422962213166 0.01752293304338707 0.08262020604031842
