0 0.16932515337423318 0.6461486025903201 0.14233128834355846 0.7077027948193593
0 0.27116564417177913 0.5006134969325151 0.03926380368098158 0.2683026584867076
0 0.050920245398773004 0.6522154055896388 0.07730061349693251 0.6500340831629176
0 0.4012269938650305 0.61840490797546 0.08834355828220854 0.5605998636673482
0 0.5889570552147239 0.48316291751874557 0.03435582822085896 0.18977505112474433
0 0.6282208588957056 0.4668029993183368 0.022085889570552127 0.1832310838445808
0 0.301840490797546 0.4482617586912066 0.014723926380368084 0.14178595773687797
0 0.4644171779141104 0.47443762781186094 0.02822085889570559 0.18977505112474438
0 0.31963190184049084 0.4286298568507158 0.0134969325153374 0.11124744376278123
0 0.34171779141104297 0.4711656441717792 0.013496932515337363 0.1788684389911384
