0 0.2411042944785276 0.5736877982276755 0.06012269938650306 0.4319018404907975
0 0.3392638036809816 0.5409679618268576 0.0871165644171779 0.45371506475800955
0 0.39141104294478524 0.4558963871847308 0.034355828220858836 0.27048398091342885
0 0.4386503067484662 0.5191547375596456 0.04785276073619635 0.3708248125426039
0 0.4699386503067485 0.5104294478527608 0.03435582822085891 0.2966598500340832
0 0.5061349693251533 0.4820722563053852 0.04785276073619642 0.32283571915473763
0 0.6116564417177918 0.6227675528289031 0.13865030674846623 0.6740286298568516
0 0.9496932515337422 0.6437082447969918 0.10061349693251526 0.6548329858448363
0 0.8460122699386503 0.4155419222903886 0.011042944785276064 0.07198364008179958
0 0.8846625766871165 0.43299250170415815 0.026993865030674868 0.07198364008179958
0 0.795095963390478 0.41414511554357497 0.010894693153061684 0.061084775285546705
0 0.8030574699254089 0.4089305615557846 0.008380533194663399 0.05661515758172641
