0 0.0736196319018405 0.6709747751310071 0.147239263803681 0.616877988933623
0 0.10858895705521472 0.4449897750511248 0.08220858895705523 0.22685753237900472
0 0.20122699386503073 0.6903885480572596 0.12515337423312872 0.5955010224948877
0 0.3049079754601227 0.6598500340831626 0.10184049079754594 0.547511929107021
0 0.3828220858895706 0.5246080436264485 0.08098159509202453 0.2813905930470348
0 0.47116564417177914 0.44935241990456715 0.056441717791411036 0.19631901840490798
0 0.5404907975460123 0.45807770961145194 0.05276073619631894 0.17450579413769604
0 0.6687116564417178 0.4591683708248125 0.03926380368098165 0.19413769597818678
0 0.9202453987730062 0.4449897750511248 0.06134969325153378 0.17014314928425364
0 0.8165644171779141 0.45153374233128835 0.03803680981595093 0.10470347648261764
0 0.5840490797546012 0.43081117927743695 0.024539877300613498 0.11124744376278116
