0 0.01779141104294479 0.5859032004888803 0.03558282208588958 0.5470756712785447
0 0.07177914110429448 0.5540558963871848 0.042944785276073615 0.3490115882753919
0 0.2098159509202454 0.6369461486025902 0.07361963190184045 0.5366053169734151
0 0.150920245398773 0.6184049079754601 0.053987730061349666 0.5082481254260395
0 0.27116564417177913 0.5137014314928426 0.039263803680981584 0.25957736877982285
0 0.3374233128834356 0.5464212678936606 0.053987730061349735 0.3773687798227676
0 0.4306748466257669 0.6358554873892297 0.09815950920245399 0.7176550783912746
0 0.4987730061349693 0.5289706884798909 0.05030674846625764 0.27702794819359233
0 0.9711656441717791 0.49101567492650844 0.05766871165644164 0.3668984255176386
0 0.7680981595092023 0.43408316291751875 0.03680981595092035 0.08725289706884794
0 0.8067484662576687 0.41336059986366736 0.015950920245398664 0.041445126107702776
0 0.6404907975460122 0.43844580777096115 0.03680981595092021 0.061077027948193606
0 0.6981595092024538 0.4395364689843218 0.02944785276073634 0.0763462849352419
0 0.5834355828220859 0.4406271301976824 0.03312883435582826 0.04798909338786636
