0 0.11595092024539877 0.5791411042944786 0.10184049079754601 0.7220177232447171
0 0.22944785276073607 0.5878663940013634 0.08588957055214723 0.5475119291070213
0 0.3349693251533742 0.5453306066802999 0.049079754601226995 0.5060668029993183
0 0.3815950920245399 0.49079754601226994 0.034355828220858836 0.3359236537150647
0 0.42576687116564416 0.4057259713701431 0.029447852760736238 0.10906612133605996
0 0.4533742331288343 0.403544648943422 0.025766871165644075 0.08725289706884802
0 0.6447852760736197 0.403544648943422 0.020858895705521404 0.09597818677573279
0 0.8705521472392639 0.41554192229038855 0.018404907975460107 0.10252215405589638
0 0.8871165644171779 0.4122699386503068 0.009815950920245342 0.11342876618950236
0 0.9521472392638037 0.3937286980231766 0.017177914110429383 0.07198364008179957
0 0.9245398773006133 0.41336059986366736 0.013496932515337503 0.08507157464212682
0 0.9705521472392639 0.40463531015678256 0.014723926380368084 0.09815950920245399
0 0.992638036809816 0.41663258350374915 0.009815950920245484 0.10470347648261757
