0 0.0460122699386503 0.6295296490233042 0.0920245398773006 0.7006407568059813
0 0.16012269938650306 0.5387866394001364 0.06257668711656442 0.3664621676891616
0 0.26380368098159507 0.6162235855487389 0.06871165644171778 0.5213360599863667
0 0.3226993865030675 0.45371506475800955 0.03435582822085891 0.16578050443081124
0 0.4226993865030675 0.6238582140422632 0.12392638036809814 0.7285616905248805
0 0.5251533742331289 0.5987730061349693 0.05889570552147234 0.5126107702794819
0 0.7276073619631902 0.5529652351738241 0.20858895705521469 0.8790729379686434
0 0.9760736196319019 0.4591683708248126 0.023312883435582847 0.13306066802999325
0 0.926993865030675 0.447171097477846 0.015950920245398806 0.11342876618950243
0 0.8687116564417178 0.45153374233128835 0.07116564417177912 0.08289025221540555
