0 0.1570552147239264 0.6729379686434902 0.17914110429447852 0.6347648261758692
0 0.30920245398773005 0.6445807770961145 0.05644171779141107 0.6434901158827538
0 0.403680981595092 0.5900477164280845 0.07852760736196317 0.6347648261758692
0 0.46809815950920247 0.485344239945467 0.03312883435582819 0.2857532379004772
0 0.5122699386503068 0.5256987048398092 0.04294478527607368 0.4013633265167008
0 0.6484662576687111 0.4482617586912066 0.038036809815950846 0.11561008861622382
0 0.7104294478527606 0.4569870483980914 0.03435582822085891 0.12869802317655085
0 0.5877300613496932 0.43299250170415815 0.014723926380368155 0.06762099522835718
0 0.6791411042944786 0.42535787321063395 0.018404907975460107 0.04798909338786643
0 0.5699386503067485 0.4100886162235855 0.015950920245398806 0.039263803680981584
0 0.605521472392638 0.4286298568507158 0.020858895705521477 0.032719836400818
