0 0.058394160583941604 0.6059745877264127 0.1094890510948905 0.7880508245471749
0 0.09489051094890512 0.5569072722357394 0.06326034063260341 0.3309002433090024
0 0.19099756690997566 0.5168964585022979 0.048661800486618 0.29413354960800214
0 0.24635036496350365 0.583941605839416 0.05231143552311433 0.35901595025682626
0 0.30413625304136255 0.5504190321708571 0.0535279805352798 0.32657474993241414
0 0.3442822384428224 0.4822925114895918 0.017031630170316347 0.11246282779129502
0 0.36557177615571773 0.48445525817788593 0.010948905109489005 0.12111381454447141
0 0.3807785888077859 0.4649905379832387 0.019464720194647286 0.08650986753176532
0 0.42214111922141123 0.5601513922681806 0.031630170316301755 0.2552041092187078
0 0.41119221411192214 0.5104082184374156 0.02919708029197082 0.18599621519329546
0 0.4549878345498783 0.5114895917815626 0.031630170316301685 0.2141119221411193
0 0.4768856447688565 0.5223033252230332 0.024330900243309087 0.17950797512841318
0 0.5127737226277372 0.5082454717491214 0.032846715328467085 0.19897269532306033
0 0.5559610705596107 0.5136523384698567 0.029197080291970892 0.2270884022708841
0 0.8655717761557178 0.4444444444444444 0.006082725060827272 0.09732360097323607
0 0.829683698296837 0.41416599080832656 0.024330900243308945 0.07569613409029465
0 0.8826034063260341 0.4433630711002974 0.0133819951338198 0.09516085428494193
0 0.9105839416058394 0.4487699378210327 0.01581508515815102 0.08434712084347126
0 0.6940389294403893 0.4390375777237091 0.02311435523114369 0.060556907272235706
0 0.6593673965936739 0.43471208434712083 0.024330900243308945 0.0475804271424709
