0 0.15644171779141103 0.6314928425357873 0.09447852760736197 0.7045671438309475
0 0.23619631901840493 0.6129516019086572 0.0723926380368098 0.6631220177232447
0 0.3006134969325153 0.5769597818677573 0.058895705521472407 0.447171097477846
0 0.3374233128834356 0.5147920927062032 0.022085889570552127 0.3359236537150647
0 0.37668711656441717 0.41663258350374915 0.03435582822085891 0.20940695296523526
0 0.4214723926380368 0.3980913428766189 0.0429447852760736 0.14178595773687797
0 0.44846625766871173 0.41336059986366736 0.028220858895705518 0.0937968643490116
0 0.7680981595092023 0.42753919563735515 0.026993865030674868 0.13960463531015677
0 0.49716661161713105 0.41324738616755124 0.0125928372571952 0.054848802275783794
0 0.516055867502924 0.4222022926615567 0.01511140470863424 0.03917771591127412
0 0.5406119001544546 0.4143667494793019 0.008814986080036747 0.0526100756522824
