0 0.15030674846625763 0.6194955691888208 0.08711656441717791 0.501704158145876
0 0.2846625766871166 0.6657805044308113 0.09079754601226994 0.6466257668711657
0 0.40858895705521475 0.6243353783231084 0.12269938650306748 0.7513292433537831
0 0.5840490797546012 0.6522154055896388 0.1447852760736196 0.6500340831629176
0 0.7944785276073619 0.65426039536469 0.15828220858895706 0.6914792092706201
0 0.8785276073619633 0.42535787321063395 0.041717791411042954 0.12215405589638721
0 0.8938650306748466 0.39591002044989776 0.03067484662576689 0.14614860259032036
0 0.4901840490797546 0.43953646898432175 0.03312883435582819 0.1592365371506476
0 0.6705521472392638 0.3926380368098161 0.013496932515337345 0.08725289706884794
0 0.6957055214723925 0.42535787321063395 0.02944785276073631 0.08725289706884794
0 0.9558282208588957 0.4242672119972734 0.014723926380368227 0.054533060668030015
0 0.9705521472392639 0.4395364689843217 0.009815950920245342 0.0632583503749148
0 0.9932515337423312 0.43735514655760055 0.011042944785276064 0.058895705521472407
0 0.9208588957055216 0.4264485344239945 0.015950920245398806 0.0632583503749148
