0 0.31690997566909973 0.49743173830765075 0.032846715328467085 0.1686942416869424
0 0.35036496350364965 0.4909434982427683 0.026763990267639884 0.194647201946472
0 0.40632603406326034 0.6336847796701811 0.06569343065693431 0.4238983509056501
0 0.4397810218978102 0.5028386050283861 0.032846715328467155 0.179507975128413
0 0.5529197080291971 0.6401730197350635 0.07420924574209245 0.5017572316842389
0 0.46836982968369834 0.4790483914571506 0.021897810218978152 0.17085698837523658
0 0.49756690997566905 0.4768856447688565 0.02919708029197075 0.13192754798594217
0 0.48600973236009737 0.4282238442822384 0.020681265206812682 0.06488240064882404
0 0.9069343065693432 0.4433630711002974 0.02068126520681275 0.11246282779129495
0 0.9458637469586374 0.4455258177885915 0.032846715328467155 0.11678832116788321
0 0.8746958637469586 0.4444444444444444 0.017031630170316277 0.0929981075966478
0 0.8369829683698297 0.4444444444444444 0.034063260340632555 0.07569613409029471
0 0.7773722627737226 0.4455258177885915 0.04379562043795616 0.06488240064882397
