0 0.025153374233128835 0.5848125392755198 0.05030674846625767 0.5283162850950068
0 0.15030674846625766 0.6031356509884117 0.07975460122699385 0.5475119291070211
0 0.2607361963190184 0.5322426721199727 0.03067484662576689 0.42317655078391275
0 0.3006134969325153 0.6314928425357873 0.06134969325153371 0.5562372188139059
0 0.4134969325153374 0.5965916837082481 0.09815950920245399 0.7525562372188139
0 0.5128834355828221 0.578050443081118 0.05153374233128843 0.4449897750511248
0 0.5932515337423312 0.43844580777096115 0.020858895705521404 0.11779141104294474
0 0.7846625766871165 0.6336741649625085 0.08220858895705518 0.6783912747102931
0 0.9533742331288343 0.5944103612815269 0.046625766871165555 0.7569188820722563
0 0.9901840490797545 0.6042263122017723 0.014723926380368227 0.7329243353783231
0 0.8809815950920244 0.42753919563735515 0.02944785276073631 0.1788684389911384
0 0.843558282208589 0.41336059986366736 0.02822085889570559 0.08070892978868444
0 0.7153374233128835 0.41663258350374915 0.022085889570552127 0.08289025221540555
0 0.6895705521472393 0.41445126107702795 0.017177914110429526 0.07416496250852077
