0 0.028588807785888078 0.5742092457420925 0.04987834549878345 0.38280616382806165
0 0.07785888077858881 0.5774533657745335 0.029197080291970802 0.3806434171397674
0 0.15145985401459852 0.6109759394430927 0.09367396593673966 0.7158691538253582
0 0.2639902676399027 0.4887807515544742 0.031630170316301685 0.18599621519329554
0 0.2907542579075426 0.49635036496350365 0.014598540145985446 0.14922952149229524
0 0.32055961070559597 0.5168964585022979 0.03284671532846712 0.22492565558258995
0 0.3521897810218978 0.5050013517166803 0.018248175182481743 0.17085698837523652
0 0.3923357664233576 0.4909434982427683 0.02311435523114362 0.1773452284401189
0 0.43613138686131386 0.5039199783725331 0.03041362530413622 0.1643687483103541
0 0.489051094890511 0.49094349824276834 0.034063260340632624 0.19897269532306028
0 0.4653284671532847 0.4779670181130035 0.020681265206812613 0.1470667748040011
0 0.3728710462287104 0.47472289808056234 0.01338199513381987 0.097323600973236
0 0.41119221411192214 0.45093268450932683 0.014598540145985339 0.0843471208434712
0 0.6563260340632603 0.6286834279535009 0.10340632603406327 0.7426331440929981
0 0.7779805352798053 0.6066504460665044 0.08880778588807786 0.5774533657745335
0 0.9422141119221412 0.5028386050283861 0.032846715328467016 0.2962962962962963
0 0.9799270072992701 0.4109218707758853 0.02798053527980528 0.07353338740200051
0 0.9160583941605839 0.4758042714247094 0.021897810218978152 0.20762368207623674
0 0.8783454987834548 0.44768856447688565 0.017031630170316277 0.11678832116788321
0 0.8594890510948906 0.4444444444444444 0.018248175182481674 0.11030008110300081
