0 0.4171779141104295 0.5660531697341513 0.07116564417177912 0.4777096114519428
0 0.45398773006134974 0.4973415132924332 0.041717791411043044 0.3271983640081798
0 0.3017542970136389 0.47802340189400994 0.038533691629062436 0.26680637946672525
0 0.38135679156314967 0.47171379156878324 0.029407290980074167 0.19289380137121356
0 0.6048353701661505 0.4199635660380554 0.012592837257195271 0.054848802275783724
0 0.5774459491317508 0.41156834119992525 0.013222479120055084 0.03581962597602207
0 0.7244673241095048 0.41884420272630457 0.01133355353147579 0.07275861526379473
0 0.6410397772805868 0.4138070678234266 0.010703911668615831 0.04253580584652617
0 0.5034630302457288 0.4082102512646732 0.011333553531475858 0.03581962597602207
0 0.6558363610577912 0.4149264311351773 0.008814986080036818 0.05149071234053174
