0 0.024330900243308994 0.6674236247074796 0.04866180048661799 0.638442815784249
0 0.11982968369829683 0.6585563665855636 0.12287104622871045 0.6682887266828874
0 0.1818734793187348 0.568802379021357 0.05717761557177612 0.42822384428223836
0 0.3236009732360097 0.6282779129494458 0.06812652068126525 0.6077318194106516
0 0.2962287104622871 0.5904298459042985 0.04014598540145986 0.4238983509056502
0 0.4136253041362531 0.5190592051905921 0.02919708029197075 0.22060016220600154
0 0.4367396593673966 0.4909434982427683 0.017031630170316347 0.194647201946472
0 0.45255474452554756 0.5028386050283857 0.017031630170316028 0.16220600162205986
0 0.4762773722627738 0.47364152473641524 0.018248175182481743 0.13409029467423628
0 0.5346715328467153 0.5244660719113273 0.025547445255474487 0.2573668559070019
0 0.568734793187348 0.5114895917815626 0.030413625304136147 0.2660178426601785
0 0.5936739659367397 0.4660719113273858 0.01459854014598548 0.1578805082454717
0 0.6253041362530414 0.5331170586645039 0.03649635036496356 0.27466882941335496
0 0.681265206812652 0.5287915652879156 0.04866180048661804 0.304947283049473
0 0.7755474452554744 0.44011895106785626 0.0328467153284673 0.11895106785617732
0 0.878345498783455 0.4433630711002974 0.014598540145985339 0.09516085428494193
