0 0.3257668711656441 0.5769597818677573 0.0650306748466258 0.5169734151329243
0 0.3674846625766871 0.501704158145876 0.05766871165644176 0.3751874573960464
0 0.40122699386503063 0.4831629175187457 0.024539877300613456 0.23776414451261071
0 0.4213892134219586 0.39651290465687844 0.020778181474372274 0.08372837571895161
0 0.44563042514205947 0.4051320021573586 0.03463030245728696 0.07141537928969392
0 0.8774087293012038 0.41744499858661627 0.009696484688040385 0.08619097500480301
0 0.8905682442349729 0.4272953957300223 0.008311272589748881 0.0960413721482091
0 0.9110001226847723 0.42237019715831936 0.00761866654060313 0.09357877286235755
0 0.9217355164465312 0.4069789516217473 0.015237333081206117 0.10219787036283791
0 0.9418210918717577 0.4199075978724678 0.009696484688040385 0.08865357429065454
0 0.9664086066164315 0.41990759787246773 0.013159514933769004 0.10835436857746665
