0 0.05153374233128835 0.6033537799026499 0.1030674846625767 0.5776141852526415
0 0.27791411042944786 0.501704158145876 0.042944785276073566 0.34464894342194957
0 0.31717791411042945 0.5344239945466939 0.025766871165644148 0.3577368779822767
0 0.37484662576687117 0.6074982958418541 0.0674846625766871 0.5300613496932515
0 0.47239263803680986 0.6031356509884118 0.07852760736196324 0.5824130879345604
0 0.5441717791411043 0.463531015678255 0.03558282208588963 0.16796182685753236
0 0.6699386503067484 0.47007498295841854 0.024539877300613425 0.20722563053851403
0 0.6883435582822085 0.48316291751874574 0.019631901840490826 0.22031356509884126
0 0.8441717791411043 0.4777096114519428 0.03190184049079761 0.20940695296523523
0 0.24723926380368094 0.4886162235855487 0.02085889570552143 0.17886843899113836
0 0.8809815950920244 0.43408316291751875 0.022085889570552127 0.05235173824130882
0 0.8993865030674839 0.43190184049079766 0.004907975460124072 0.06543967280163616
0 0.9134969325153375 0.42753919563735515 0.008588957055214763 0.065439672801636
0 0.9656441717791411 0.44389911383776415 0.046625766871165694 0.07634628493524204
0 0.4220610412896297 0.5147115138795364 0.012570799791995097 0.24731884627806777
