0 0.031901840490797556 0.7748466257668711 0.06380368098159511 0.45030674846625734
0 0.13374233128834354 0.5180640763462846 0.049079754601227 0.2857532379004774
0 0.2834355828220859 0.5409679618268575 0.049079754601226995 0.3926380368098159
0 0.2834355828220859 0.35991820040899797 0.026993865030674833 0.08725289706884794
0 0.36441717791411044 0.5300613496932516 0.053987730061349735 0.45807770961145194
0 0.44355828220858895 0.5137014314928426 0.0429447852760736 0.359918200408998
0 0.5159509202453988 0.5856850715746422 0.05521472392638039 0.4777096114519428
0 0.7300613496932514 0.5507839127471031 0.06625766871165643 0.4951601908657126
0 0.32210413627691703 0.4829501395902666 0.021332266313688706 0.22077202597658846
0 0.4123853347830641 0.45857040666033677 0.017522933043387142 0.1774302785456018
0 0.5838053319466344 0.4328362441231883 0.011427999810904694 0.05282275468151504
0 0.6020901316440819 0.4321590293195791 0.011427999810904694 0.05417718428873336
0 0.931432001134572 0.43148181451596995 0.012189866464964894 0.09616450211250176
0 0.9561926673915322 0.4328362441231883 0.022094132967748977 0.10970879818468504
0 0.9916194668053371 0.4267413108907055 0.009142399848723788 0.09481007250528323
0 0.9203849346506975 0.42877295530153325 0.009904266502784082 0.07178476918257175
0 0.9070522682046418 0.4226780220690507 0.013713599773085712 0.06501262114648006
0 0.9420981342914166 0.4172603036401775 0.00609493323248259 0.054177184288733284
