0 0.014110429447852764 0.4081254227111026 0.02822085889570553 0.17494205196617243
0 0.056441717791411036 0.588957055214724 0.07607361963190183 0.5104294478527607
0 0.2411042944785276 0.5464212678936604 0.14846625766871166 0.8572597137014314
0 0.12024539877300612 0.48861622358554885 0.05153374233128835 0.3620995228357192
0 0.34969325153374237 0.5867757327880027 0.051533742331288296 0.5147920927062031
0 0.4625766871165644 0.5300613496932515 0.02944785276073617 0.3926380368098159
0 0.5196319018404908 0.5758691206543968 0.05030674846625764 0.5715064758009544
0 0.6742331288343558 0.5687116564417177 0.14601226993865032 0.8625766871165643
0 0.8337423312883436 0.42099522835719155 0.020858895705521404 0.08725289706884794
0 0.9288343558282208 0.43081117927743695 0.019631901840490684 0.11124744376278116
0 0.8969325153374235 0.43190184049079755 0.024539877300613425 0.11779141104294481
0 0.7730061349693251 0.41336059986366736 0.03926380368098165 0.06762099522835718
0 0.3822085889570552 0.46789366053169734 0.023312883435582778 0.17232447171097476
