0 0.039569805194805206 0.6461038961038958 0.07913961038961041 0.7077922077922074
0 0.33786525974025977 0.6363636363636364 0.07913961038961034 0.7099567099567099
0 0.3871753246753247 0.5 0.05357142857142854 0.41558441558441556
0 0.5000405806999703 0.6114718614718615 0.08206168088045991 0.777056277056277
0 0.6081574675324677 0.528138528138528 0.025568181818181726 0.3073593073593073
0 0.6952110389610391 0.5714285714285714 0.06087662337662337 0.48051948051948046
0 0.7962662337662338 0.44913419913419916 0.014610389610389518 0.10606060606060602
0 0.973417207792208 0.4242424242424242 0.02556818181818201 0.08658008658008655
0 0.94237012987013 0.43506493506493504 0.019480519480519546 0.07359307359307357
0 0.9119318181818182 0.43290043290043284 0.02191558441558442 0.08225108225108223
0 0.8857548701298703 0.4383116883116883 0.01095779220779221 0.07142857142857138
0 0.820008116883117 0.4318181818181818 0.008522727272727054 0.06277056277056275
0 0.8461850649350651 0.41558441558441556 0.029220779220779036 0.03463203463203456
0 0.7664366883116884 0.43506493506493504 0.015827922077922097 0.06060606060606062
