0 0.018404907975460124 0.6938786606115793 0.03680981595092025 0.5370415748018914
0 0.048466257668711654 0.5987730061349693 0.05521472392638037 0.49516019086571234
0 0.1325153374233129 0.632583503749148 0.08588957055214724 0.5671438309475119
0 0.21901840490797547 0.40027266530334016 0.055214723926380355 0.08507157464212675
0 0.3613496932515337 0.6073619631901841 0.15092024539877305 0.7852760736196319
0 0.9061349693251534 0.4406271301976824 0.04049079754601223 0.1832310838445808
0 0.8846625766871165 0.43517382413087935 0.026993865030674868 0.11997273346966594
0 0.8441717791411043 0.4308111792774369 0.022085889570552127 0.13306066802999317
0 0.9466257668711657 0.452624403544649 0.018404907975460107 0.15923653715064767
0 0.9662576687116564 0.45807770961145194 0.013496932515337363 0.14832992501704162
