0 0.1325153374233129 0.6249488752556238 0.08834355828220859 0.7438309475119291
0 0.21472392638036816 0.6151329243353781 0.13496932515337437 0.7023858214042259
0 0.40306748466257675 0.6559645535105658 0.1411042944785276 0.6880708929788685
0 0.6815950920245399 0.6282208588957056 0.1435582822085889 0.689297886843899
0 0.8042944785276075 0.5747784594410362 0.07484662576687114 0.45153374233128835
0 0.8668711656441718 0.42208588957055215 0.013496932515337363 0.054533060668030015
0 0.9134969325153375 0.43299250170415815 0.05521472392638046 0.054533060668030015
0 0.9840490797546013 0.43626448534423995 0.024539877300613425 0.07852760736196317
0 0.549079754601227 0.49952283571915473 0.025766871165644148 0.20940695296523523
0 0.4822085889570552 0.45807770961145194 0.03190184049079754 0.21813224267212
0 0.5251533742331289 0.46025903203817314 0.022085889570552127 0.17450579413769604
0 0.5682175402045604 0.4636833784275858 0.021202748982498604 0.17044142177235513
0 0.5078357985370102 0.44565592035550977 0.00737486921130383 0.14421966457660823
