0 0.037423312883435596 0.6162235855487391 0.06748466257668714 0.5780504430811176
0 0.06687116564417178 0.5256987048398094 0.05030674846625764 0.44935241990456765
0 0.13987730061349693 0.4242672119972734 0.07607361963190183 0.1548738922972052
0 0.18957055214723925 0.65439672801636 0.09447852760736195 0.5453306066803
0 0.42760736196318994 0.6358554873892294 0.08957055214723891 0.6434901158827536
0 0.3098159509202454 0.5082481254260396 0.050306748466257684 0.2530334014996592
0 0.347239263803681 0.4482617586912066 0.03435582822085891 0.11124744376278123
0 0.4932515337423313 0.4809815950920246 0.03435582822085891 0.2552147239263804
0 0.5325153374233129 0.4755282890252215 0.024539877300613498 0.14832992501704162
0 0.5067484662576688 0.48316291751874574 0.022085889570552127 0.16359918200409004
0 0.903680981595092 0.44608043626448535 0.025766871165644148 0.16796182685753244
0 0.9822085889570551 0.44608043626448535 0.023312883435582847 0.09815950920245399
0 0.8368098159509202 0.44171779141104295 0.012269938650306783 0.09379686434901167
0 0.8220858895705522 0.4569870483980914 0.019631901840490684 0.07634628493524197
0 0.7993865030674846 0.43735514655760055 0.03067484662576689 0.07634628493524197
0 0.7613496932515338 0.44608043626448535 0.03803680981595093 0.06762099522835718
0 0.6423312883435582 0.4351738241308793 0.02822085889570545 0.054533060668030015
0 0.6147239263803681 0.4449897750511248 0.019631901840490754 0.056714383094751145
0 0.585276073619632 0.43953646898432175 0.019631901840490826 0.04580777096114517
