0 0.3822085889570552 0.5780504430811179 0.0920245398773006 0.6151329243353783
0 0.2815950920245399 0.5453306066802999 0.0674846625766871 0.41445126107702795
0 0.21779141104294478 0.5366053169734151 0.0674846625766871 0.44935241990456715
0 0.7717791411042936 0.43735514655760055 0.024539877300613563 0.12433537832310845
0 0.6920245398773005 0.42208588957055215 0.019631901840490826 0.10252215405589638
0 0.8208588957055214 0.419904567143831 0.022085889570552127 0.1286980231765508
0 0.8975460122699386 0.42317655078391275 0.015950920245398806 0.11342876618950243
0 0.863803680981595 0.42972051806407635 0.019631901840490826 0.12215405589638721
0 0.9208588957055216 0.41881390593047035 0.015950920245398806 0.13524199045671437
0 0.9631901840490797 0.42972051806407635 0.024539877300613567 0.20068166325835043
