0 0.20072992700729927 0.6347661530143281 0.10948905109489054 0.7201946472019464
0 0.32055961070559613 0.5579886455798865 0.06934306569343068 0.5796161124628278
0 0.45681265206812655 0.6070559610705596 0.110705596107056 0.7858880778588808
0 0.5650851581508516 0.46282779129494456 0.018248175182481674 0.1254393079210598
0 0.5833333333333333 0.45633955123006215 0.018248175182481743 0.12111381454447155
0 0.718978102189781 0.43687483103541497 0.019464720194647355 0.06488240064882404
0 0.8412408759124088 0.4455258177885915 0.02311435523114355 0.11678832116788321
0 0.9385644768856448 0.43687483103541497 0.02311435523114355 0.08218437415517713
0 0.964720194647202 0.4260610975939443 0.021897810218978152 0.09948634766153014
0 0.8625304136253041 0.4314679643146796 0.012165450121654544 0.06704514733711818
0 0.816301703163017 0.43038659097053256 0.009732360097323749 0.06920789402541232
0 0.7858880778588808 0.43687483103541497 0.014598540145985339 0.06920789402541232
0 0.760948905109489 0.44120032441200324 0.015815085158150735 0.0475804271424709
