0 0.09914841849148423 0.5698837523655041 0.05961070559610706 0.35252771019194407
0 0.22019464720194648 0.5450121654501217 0.02676399026763992 0.21194917545282507
0 0.25790754257907544 0.5320356853203568 0.03892944038929439 0.194647201946472
0 0.28588807785888076 0.48986212489862135 0.02433090024330907 0.17085698837523677
0 0.3236009732360097 0.5320356853203569 0.03649635036496349 0.24222762908894288
0 0.37043795620437964 0.5255474452554745 0.035279805352798024 0.27250608272506077
0 0.4075425790754258 0.4920248715869154 0.026763990267639884 0.15355501486888343
0 0.30291970802919704 0.4920248715869154 0.00729927007299274 0.12760205460935395
0 0.34732360097323606 0.47472289808056234 0.006082725060827272 0.13625304136253036
0 0.801094890510949 0.4487699378210327 0.015815085158150877 0.1059745877264126
0 0.8655717761557179 0.43471208434712083 0.015815085158150877 0.07785888077858885
0 0.7062043795620438 0.4455258177885915 0.018248175182481816 0.07353338740200051
0 0.7335766423357666 0.4390375777237091 0.009732360097323606 0.06920789402541232
0 0.7506082725060828 0.437956204379562 0.012165450121654544 0.08867261422005952
0 0.6624087591240877 0.4444444444444444 0.0133819951338198 0.07569613409029471
0 0.6222627737226278 0.44768856447688565 0.032846715328467155 0.051905920519059165
