0 0.22080291970802918 0.6524736415247364 0.10827250608272507 0.6950527169505272
0 0.34671532846715325 0.48986212489862124 0.031630170316301685 0.1838334685050014
0 0.44038929440389296 0.5709651257096513 0.05352798053527984 0.3503649635036497
0 0.45742092457420924 0.4120032441200324 0.017031630170316277 0.08002162746688292
0 0.4701946472019465 0.4931062449310625 0.02311435523114355 0.16436874831035417
0 0.5212895377128954 0.5471749121384158 0.06447688564476892 0.33306298999729655
0 0.5979318734793186 0.45633955123006215 0.0474452554744525 0.19032170856988373
0 0.6173965936739659 0.500675858340092 0.020681265206812682 0.24006488240064874
0 0.6319951338199513 0.5060827250608272 0.018248175182481743 0.22060016220600162
0 0.6751824817518248 0.4520140578534739 0.01703163017031642 0.06920789402541225
0 0.6557177615571775 0.46282779129494456 0.012165450121654544 0.10813733441470667
0 0.7688564476885645 0.45958367126250343 0.0462287104622869 0.18383346850500132
