0 0.07846715328467153 0.6423357664233577 0.10097323600973236 0.49310624493106237
0 0.2445255474452555 0.5071640984049743 0.04136253041362533 0.20978642876453107
0 0.2944038929440389 0.5471749121384158 0.05352798053527977 0.3676669370100027
0 0.3242092457420924 0.5861043525277102 0.015815085158150843 0.3114355231143553
0 0.36374695863746953 0.5806974858069749 0.0510948905109489 0.3957826439578265
0 0.340632603406326 0.43687483103541497 0.019464720194647213 0.07353338740200059
0 0.4136253041362531 0.5720464990537983 0.02919708029197075 0.3438767234387673
0 0.45681265206812655 0.5104082184374156 0.03771289537712889 0.19897269532306028
0 0.5018248175182481 0.5850229791835632 0.04987834549878343 0.3914571505812382
0 0.5583941605839416 0.534198432008651 0.041362530413625295 0.24222762908894288
0 0.6009732360097323 0.5233846985671804 0.034063260340632694 0.27683157610164905
0 0.9343065693430657 0.4520140578534739 0.029197080291970677 0.13841578805082455
0 0.9665450121654502 0.44768856447688565 0.02311435523114369 0.0865098675317654
0 0.8704379562043796 0.4455258177885915 0.020681265206812613 0.06920789402541225
0 0.8345498783454989 0.4433630711002974 0.024330900243308945 0.060556907272235706
0 0.809610705596107 0.4390375777237091 0.02311435523114355 0.0475804271424709
