0 0.08036809815950921 0.6631220177232447 0.1263803680981595 0.6587593728698021
0 0.27361963190184047 0.6107702794819359 0.15460122699386503 0.6936605316973414
0 0.503680981595092 0.46244035446489434 0.05276073619631909 0.0916155419222904
0 0.5631901840490798 0.4242672119972734 0.024539877300613425 0.04580777096114524
0 0.5404907975460123 0.44826175869120655 0.008588957055214692 0.05889570552147234
0 0.44171779141104295 0.4482617586912066 0.022085889570552127 0.06762099522835718
0 0.6558282208588957 0.46789366053169745 0.06503067484662588 0.11124744376278123
0 0.7515337423312883 0.447171097477846 0.02822085889570559 0.11342876618950243
0 0.8184049079754601 0.4777096114519428 0.056441717791411036 0.15269256987048402
0 0.8840490797546012 0.4777096114519428 0.05766871165644176 0.19195637355146558
0 0.9779141104294479 0.46571233810497614 0.03926380368098165 0.19850034083162924
