0 0.14233128834355827 0.5824130879345603 0.13496932515337423 0.8158145875937286
0 0.37914110429447845 0.5605998636673484 0.058895705521472407 0.3184730743012952
0 0.44294478527607367 0.5660531697341514 0.049079754601226995 0.45153374233128835
0 0.3711656441717791 0.3751874573960464 0.04294478527607368 0.11342876618950236
0 0.4674846625766871 0.5256987048398092 0.039263803680981584 0.3577368779822767
0 0.9834355828220859 0.41990456714383095 0.020858895705521404 0.10688479890933877
0 0.8220858895705522 0.43299250170415815 0.009815950920245484 0.08507157464212675
0 0.807361963190184 0.4242672119972734 0.014723926380368084 0.08943421949556914
0 0.7938650306748467 0.42535787321063395 0.014723926380368084 0.08725289706884794
0 0.6433071176287447 0.41116537040769485 0.01424690643092802 0.0402265593343845
0 0.6265460512394178 0.41116537040769485 0.009218586514129825 0.0402265593343845
0 0.5209513329866585 0.4156349881115154 0.04776903920958155 0.031287323926743514
