0 0.09386503067484663 0.6653033401499658 0.11901840490797547 0.645671438309475
0 0.20858895705521469 0.5496932515337423 0.07607361963190183 0.4406271301976823
0 0.2858895705521472 0.5518745739604636 0.07116564417177909 0.5278800272665303
0 0.32699386503067485 0.4755282890252215 0.028220858895705553 0.283571915473756
0 0.3680981595092024 0.38173142467620996 0.017177914110429456 0.07852760736196317
0 0.38650306748466257 0.4929788684389912 0.03680981595092021 0.2224948875255624
0 0.4079754601226994 0.4755282890252216 0.023312883435582847 0.23558282208588963
0 0.47668711656441715 0.6173142467620996 0.07730061349693251 0.5409679618268575
0 0.6846625766871165 0.43408316291751875 0.022085889570552127 0.12215405589638721
0 0.6582822085889571 0.43735514655760055 0.020858895705521404 0.11124744376278116
0 0.6288343558282209 0.42753919563735515 0.01840490797546003 0.13960463531015682
0 0.5678061322113678 0.40236157796077576 0.01599919973526653 0.05417718428873336
0 0.5472357325517394 0.44841218460619914 0.029712799508352247 0.15169611600845337
0 0.5163801330622968 0.4504438290170266 0.02437973292993 0.17743027854560167
