0 0.22269938650306748 0.452624403544649 0.03803680981595093 0.16359918200409004
0 0.2650306748466258 0.38827539195637356 0.024539877300613498 0.065439672801636
0 0.28466257668711653 0.3195637355146558 0.024539877300613498 0.05017041581458763
0 0.2981595092024537 0.6805725971370141 0.10061349693251526 0.6194955691888204
0 0.4668711656441718 0.6603271983640081 0.09693251533742327 0.6793456032719837
0 0.39631901840490796 0.45480572597137015 0.02944785276073617 0.11124744376278123
0 0.588957055214724 0.679959100204499 0.10061349693251521 0.6400817995910021
0 0.838036809815951 0.5627811860940696 0.07361963190184043 0.4319018404907975
0 0.7619631901840492 0.47880027266530334 0.03926380368098151 0.22467620995228366
0 0.7030674846625766 0.4809815950920246 0.031901840490797466 0.2464894342194956
0 0.9220858895705522 0.43408316291751875 0.04539877300613497 0.061077027948193606
