0 0.06319018404907975 0.6653033401499658 0.10429447852760737 0.6194955691888206
0 0.19386503067484662 0.6282208588957056 0.11533742331288342 0.6762099522835718
0 0.2754601226993865 0.5158827539195638 0.035582822085889525 0.32937968643490123
0 0.30306748466257666 0.5093387866394001 0.03680981595092017 0.2813905930470348
0 0.3245398773006133 0.45044308111792813 0.018404907975460558 0.19850034083162993
0 0.36257668711656443 0.49297886843899114 0.03558282208588963 0.261758691206544
0 0.507361963190184 0.45153374233128835 0.023312883435582778 0.10906612133606003
0 0.7018002170465539 0.4361943340584403 0.013852120982914613 0.10298142468106328
0 0.6703181239035658 0.4333959257790636 0.010074269805756018 0.08171352175780022
0 0.6870036332693494 0.41100865954404986 0.015741046571494336 0.04813262240527962
0 0.45561024866838684 0.4305975174996869 0.01762997216007335 0.05149071234053167
0 0.41185013919963326 0.4401121056495677 0.025815316377250284 0.1354429607218333
0 0.9714300004727383 0.4314006609032386 0.01752293304338721 0.07584805800422664
