0 0.0098159509202454 0.5597273313682259 0.0196319018404908 0.33417858911682
0 0.07975460122699386 0.4428084526244036 0.04662576687116565 0.15705521472392647
0 0.13865030674846626 0.4100886162235855 0.0392638036809816 0.11342876618950236
0 0.18282208588957055 0.41772324471710975 0.029447852760736203 0.07634628493524197
0 0.24539877300613497 0.4242672119972732 0.03680981595092035 0.06762099522835711
0 0.3141104294478528 0.4264485344239945 0.022085889570552127 0.08507157464212675
0 0.34233128834355825 0.4264485344239945 0.014723926380368013 0.08943421949556914
0 0.3987730061349693 0.41772324471710975 0.022085889570552197 0.0894342194955692
0 0.7380368098159508 0.4482617586912066 0.03803680981595093 0.17232447171097484
0 0.807361963190184 0.4406271301976824 0.014723926380368084 0.10034083162917519
