0 0.2809815950920245 0.5137014314928426 0.039263803680981584 0.2552147239263804
0 0.30674846625766866 0.45589638718473074 0.026993865030674868 0.19195637355146558
0 0.3306748466257669 0.4820722563053852 0.015950920245398733 0.19195637355146558
0 0.35644171779141104 0.4951601908657125 0.025766871165644214 0.2224948875255624
0 0.3815950920245399 0.496250852079073 0.024539877300613498 0.22467620995228357
0 0.4901840490797546 0.44171779141104295 0.03067484662576689 0.11561008861622354
0 0.8662576687116565 0.47334696659850023 0.01963190184049073 0.19195637355146553
0 0.9496932515337423 0.40245398773006136 0.029447852760736026 0.041445126107702776
0 0.8447852760736194 0.40463531015678245 0.013496932515337274 0.02835719154737558
0 0.8233128834355827 0.43190184049079755 0.014723926380368227 0.07416496250852077
0 0.7987730061349694 0.42208588957055215 0.004907975460122742 0.058895705521472407
0 0.7766871165644171 0.42208588957055215 0.014723926380368084 0.07198364008179958
0 0.6165644171779141 0.43408316291751875 0.02576687116564429 0.065439672801636
