0 0.08333333333333334 0.5875912408759124 0.15693430656934307 0.8248175182481752
0 0.5176399026763989 0.7039740470397404 0.1788321167883212 0.5774533657745337
0 0.3375912408759124 0.533117058664504 0.032846715328467155 0.2227629088942958
0 0.3765206812652068 0.5093268450932684 0.032846715328467155 0.22276290889429576
0 0.4209245742092457 0.48986212489862124 0.034063260340632624 0.14057853473911863
0 0.2731143552311435 0.49635036496350365 0.018248175182481743 0.11462557447958915
0 0.30170316301703165 0.49851311165179774 0.03406326034063262 0.16653149499864825
0 0.3515815085158151 0.4649905379832387 0.012165450121654544 0.1038118410381184
0 0.7597323600973236 0.5612327656123277 0.040145985401459826 0.36982968369829683
0 0.8461070559610707 0.5320356853203569 0.04501216545012156 0.3114355231143552
0 0.9105839416058393 0.45093268450932683 0.02311435523114355 0.11030008110300088
0 0.9732360097323601 0.4498513111651798 0.017031630170316277 0.12543930792105976
0 0.9580291970802919 0.437956204379562 0.008515815085158068 0.12327656123276562
0 0.9811435523114355 0.6293592862935928 0.03527980535279795 0.17301973506353063
0 0.818734793187348 0.4303865909705324 0.021897810218977937 0.09083536090835359
0 0.566301703163017 0.4325493376588267 0.018248175182481743 0.05623141389564751
0 0.6088807785888077 0.43363071100297373 0.030413625304136147 0.05839416058394164
