0 0.04539877300613497 0.6164417144629772 0.09079754601226994 0.7529924950472904
0 0.11042944785276067 0.5693251533742331 0.11533742331288338 0.41881390593047024
0 0.19386503067484662 0.6805725971370142 0.06871165644171778 0.5540558963871848
0 0.249079754601227 0.5147920927062032 0.024539877300613498 0.23994546693933202
0 0.29570552147239265 0.5027948193592365 0.03680981595092028 0.24212678936605314
0 0.37239263803680983 0.45044308111792775 0.04049079754601223 0.15923653715064767
0 0.3361963190184049 0.44171779141104295 0.0269938650306748 0.11997273346966601
0 0.43128834355828216 0.452624403544649 0.04539877300613497 0.1243353783231084
0 0.48220858895705526 0.452624403544649 0.02944785276073617 0.11997273346966601
0 0.5214723926380368 0.45153374233128835 0.02453987730061364 0.10470347648261764
0 0.647239263803681 0.49079754601226994 0.04049079754601213 0.17886843899113838
0 0.9711656441717793 0.47880027266530334 0.02822085889570545 0.2115882753919564
0 0.9079754601226995 0.4428084526244035 0.03435582822085891 0.10470347648261757
0 0.8871165644171779 0.44935241990456715 0.026993865030674868 0.0916155419222904
0 0.8601226993865031 0.44171779141104295 0.02944785276073617 0.09815950920245399
