0 0.012784090909090908 0.684199130896366 0.025568181818181816 0.5277056343111641
0 0.3603896103896104 0.3722943722943723 0.04383116883116884 0.13852813852813853
0 0.3883928571428572 0.6233766233766234 0.05600649350649355 0.5757575757575757
0 0.5034496753246753 0.5941558441558442 0.0840097402597403 0.6515151515151516
0 0.4486607142857143 0.5541125541125541 0.037743506493506516 0.393939393939394
0 0.6349431818181818 0.5303030303030304 0.05965909090909093 0.42857142857142866
0 0.7828733766233767 0.577922077922078 0.08279220779220779 0.48484848484848486
0 0.9632711038961039 0.6084415551387903 0.07345779220779207 0.7190476124420827
0 0.5917207792207795 0.4545454545454543 0.014610389610389891 0.1298701298701297
0 0.5679788961038962 0.44480519480519476 0.013392857142857224 0.08874458874458874
0 0.5515422077922078 0.45887445887445893 0.009740259740259702 0.09956709956709958
