0 0.04355828220858896 0.7148602590320382 0.07484662576687118 0.5702794819359237
0 0.11779141104294479 0.6849352419904566 0.10797546012269939 0.6151329243353783
0 0.1705521472392638 0.36755282890252217 0.0441717791411043 0.0937968643490116
0 0.2687116564417178 0.5758691206543967 0.14723926380368094 0.820177232447171
0 0.4226993865030675 0.5802317655078392 0.06503067484662566 0.41445126107702807
0 0.38650306748466257 0.4111792774369462 0.022085889570552127 0.07198364008179958
0 0.5177914110429448 0.48752556237218814 0.02208588957055212 0.17232447171097484
0 0.7429447852760737 0.43844580777096115 0.04294478527607368 0.056714383094751145
0 0.6846625766871165 0.43517382413087935 0.041717791411042954 0.037082481254260384
0 0.6141104294478528 0.43081117927743695 0.02822085889570559 0.041445126107702776
0 0.5705521472392636 0.4286298568507157 0.03926380368098133 0.023994546693933135
