0 0.022699386503067485 0.6502522120771558 0.04539877300613497 0.6722835652586059
0 0.1079754601226994 0.6631220177232447 0.0687116564417178 0.6413087934560326
0 0.3012269938650306 0.5616905248807089 0.06257668711656443 0.4079072937968644
0 0.4404907975460123 0.5126107702794819 0.044171779141104255 0.40136332651670076
0 0.9177914110429449 0.5137014314928425 0.12760736196319017 0.5169734151329243
0 0.3504600575708065 0.4216426110056814 0.015111404708634382 0.07163925195204407
0 0.5223522861315216 0.4328362441231883 0.00755570235431712 0.06492307208153988
0 0.5059815976971671 0.4378733790260661 0.012592837257195262 0.0817135217578003
0 0.5510009908916408 0.4289184725320608 0.011963195394335529 0.068281162016792
0 0.1706329448349956 0.4994383611723543 0.04281564667446384 0.2272307522853899
0 0.2128189496465997 0.4574622369817034 0.0352599443201467 0.16566577013910197
0 0.25154192421247507 0.45858160029345413 0.017000330297213574 0.17014322338610463
