0 0.2514204545454546 0.3777056277056277 0.040178571428571425 0.07142857142857138
0 0.27394480519480524 0.5573593073593074 0.058441558441558426 0.3917748917748918
0 0.3914366883116884 0.5909090909090909 0.04017857142857146 0.5108225108225107
0 0.39691558441558444 0.3603896103896103 0.041396103896103896 0.11038961038961041
0 0.49918831168831174 0.5573593073593074 0.07548701298701296 0.5952380952380952
0 0.648336038961039 0.577922077922078 0.06452922077922076 0.5714285714285714
0 0.7536525974025975 0.3603896103896103 0.024350649350649293 0.0800865800865801
0 0.7780032467532467 0.6471861471861473 0.09253246753246756 0.6926406926406927
0 0.5698051948051949 0.49134199134199136 0.031655844155844125 0.25974025974025977
0 0.5469380484620223 0.44308221205291076 0.016631821153370224 0.13453295332948365
