0 0.019018404907975458 0.6543967280163591 0.038036809815950916 0.6413087934560322
0 0.04539877300613497 0.4613496932515338 0.0343558282208589 0.185412406271302
0 0.12208588957055216 0.6314928425357873 0.06993865030674849 0.6042263122017723
0 0.21533742331288344 0.4995228357191548 0.04539877300613497 0.29665985003408324
0 0.2791411042944785 0.5496932515337423 0.05276073619631902 0.3926380368098159
0 0.24785276073619633 0.47880027266530334 0.019631901840490792 0.23340149965916843
0 0.30490797546012266 0.4548057259713702 0.023312883435582882 0.14178595773687802
0 0.9226993865030676 0.6055351023293712 0.15460122699386503 0.7093660465128664
0 0.6146609314360775 0.43893117735567083 0.01523733308120594 0.0921012132908468
0 0.6333266644605549 0.4253868812834875 0.009904266502784153 0.05688604350317014
0 0.5906621318331773 0.43148181451596995 0.019046666351507896 0.08803792446919168
0 0.5594255990167044 0.42945017010514247 0.023617866275869658 0.09210121329084679
0 0.5354267994138046 0.4247096664798783 0.01523733308120633 0.07178476918257175
0 0.5114279998109048 0.427418525694315 0.01599919973526653 0.07178476918257168
0 0.4946669334215778 0.4308045997123608 0.014475466427145917 0.06772148036091671
0 0.4668588005483764 0.43148181451596995 0.01676106638932687 0.06907590996813504
0 0.4432409342725067 0.42200080726544165 0.021332266313688775 0.07178476918257175
0 0.3982908016829482 0.4226780220690508 0.01676106638932687 0.07313919878979007
0 0.419623067996637 0.4260640960870966 0.010666133156844353 0.06636705075369846
0 0.17297064341124574 0.43565887542463116 0.02433706839730263 0.13520593554057023
