0 0.08159509202453988 0.5204635276872444 0.16319018404907976 0.9309884183814758
0 0.34355828220858897 0.6286980231765508 0.14233128834355832 0.7426039536468985
0 0.4601226993865031 0.5965916837082481 0.0858895705521472 0.5169734151329244
0 0.48711656441717793 0.43626448534424 0.051533742331288365 0.2661213360599864
0 0.9024539877300607 0.4613496932515338 0.030674846625766868 0.15051124744376282
0 0.9423312883435583 0.447171097477846 0.012269938650306643 0.13524199045671437
0 0.9245398773006136 0.4449897750511248 0.013496932515337363 0.11779141104294481
0 0.5477690392095815 0.4275539686550367 0.01927522634772586 0.0730037558290681
0 0.6772482770671315 0.41489005182754535 0.01173274647252896 0.047675922174085346
0 0.6445641976079444 0.41340017925960515 0.013408853111461455 0.032777196494683664
