0 0.041104294478527634 0.6567961793573187 0.08220858895705527 0.6635582755517203
0 0.0932515337423313 0.44062713019768224 0.044171779141104296 0.11779141104294467
0 0.16134969325153375 0.5376959781867758 0.0404907975460123 0.29447852760736204
0 0.2098159509202454 0.48752556237218814 0.03435582822085888 0.11997273346966601
0 0.250920245398773 0.48752556237218814 0.023312883435582778 0.1243353783231084
0 0.2754601226993865 0.47007498295841854 0.011042944785276064 0.10252215405589644
0 0.2957055214723926 0.485344239945467 0.019631901840490792 0.1286980231765508
0 0.3239263803680981 0.45371506475800955 0.014723926380368048 0.056714383094751214
0 0.5153374233128833 0.5137014314928425 0.21595092024539875 0.9008861622358555
0 0.692638036809816 0.4809815950920246 0.03312883435582819 0.185412406271302
0 0.7361963190184049 0.4755282890252216 0.022085889570552127 0.19631901840490798
0 0.9067484662576688 0.47661895023858214 0.014723926380368084 0.14178595773687802
0 0.8779141104294471 0.4569870483980911 0.023312883435582656 0.1286980231765512
0 0.7811668886809585 0.4358227614071047 0.02120274898249846 0.05899895369043065
0 0.8433923476513345 0.42517017254633244 0.012906021119781882 0.06391553316463323
0 0.8194240227145971 0.42598960245869955 0.011062303816955676 0.04261035544308882
