0 0.25644171779141095 0.6434901158827532 0.07607361963190182 0.6762099522835718
0 0.3015236381305108 0.6300674077679931 0.04049855572850009 0.4929788684389915
0 0.4453987730061349 0.5507839127471028 0.024539877300613477 0.43844580777096115
0 0.48895705521472393 0.5649625085207908 0.05766871165644176 0.38391274710293116
0 0.7662576687116563 0.6293115201090661 0.08711656441717779 0.7394683026584866
0 0.5435582822085889 0.4777096114519428 0.03435582822085898 0.23122017723244725
0 0.5938650306748466 0.5093387866394002 0.03680981595092028 0.23776414451261083
0 0.6404907975460122 0.501704158145876 0.03680981595092021 0.2224948875255624
0 0.6969325153374232 0.4079072937968644 0.031901840490797466 0.11779141104294474
0 0.847239263803681 0.5158827539195637 0.05276073619631887 0.3424676209952283
0 0.9061349693251535 0.42972051806407635 0.033128834355828335 0.07852760736196317
0 0.9331288343558282 0.42535787321063395 0.013496932515337505 0.06980231765507838
0 0.9920245398773005 0.42099522835719155 0.011042944785276206 0.05235173824130882
0 0.9656441717791411 0.4286298568507158 0.0049079754601226 0.041445126107702845
0 0.6705438505114009 0.4528818023100195 0.013408853111461666 0.09684171691611083
