0 0.014723926380368098 0.7680436231201005 0.029447852760736196 0.453278806929533
0 0.11840490797546012 0.5322426721199727 0.055214723926380355 0.283571915473756
0 0.3404907975460123 0.6500340831629176 0.05521472392638039 0.48861622358554874
0 0.28036809815950925 0.5638718473074301 0.04539877300613501 0.2770279481935924
0 0.21779141104294475 0.5605998636673484 0.030674846625766854 0.28793456032719833
0 0.23128834355828218 0.43735514655760055 0.015950920245398802 0.08070892978868435
0 0.25644171779141106 0.5376959781867757 0.019631901840490826 0.2901158827539196
0 0.6938650306748465 0.4733469665985004 0.013496932515337363 0.1788684389911384
0 0.7177914110429449 0.46571233810497614 0.02944785276073617 0.18541240627130207
0 0.7404907975460121 0.46244035446489434 0.03312883435582819 0.1832310838445808
0 0.8 0.4809815950920246 0.031901840490797466 0.14178595773687797
0 0.8423312883435582 0.44935241990456715 0.018404907975460107 0.10470347648261764
0 0.8693251533742332 0.45480572597137015 0.013496932515337363 0.09379686434901167
0 0.6668711656441718 0.4449897750511248 0.023312883435582847 0.06107702794819353
0 0.4460122699386503 0.4755282890252215 0.008588957055214692 0.1570552147239264
0 0.3877300613496933 0.4449897750511248 0.026993865030674868 0.06543967280163593
0 0.5588957055214724 0.43844580777096115 0.025766871165644217 0.05235173824130875
0 0.6024539877300613 0.43299250170415815 0.03435582822085891 0.037082481254260384
