0 0.4895705521472392 0.5780504430811177 0.05153374233128824 0.4580777096114517
0 0.4417177914110427 0.5006134969325156 0.04417177914110424 0.3337423312883441
0 0.40858895705521514 0.4984321745057941 0.03926380368098161 0.24212678936605297
0 0.8625766871165643 0.4264485344239945 0.014723926380368084 0.09815950920245392
0 0.7251533742331289 0.4242672119972734 0.014723926380368084 0.0632583503749148
0 0.6852760736196319 0.42753919563735515 0.013496932515337505 0.05235173824130882
0 0.6674846625766869 0.4286298568507158 0.012269938650306783 0.04580777096114524
0 0.6276073619631901 0.4122699386503068 0.015950920245398806 0.04362644853442397
0 0.6509202453987729 0.41663258350374915 0.015950920245398806 0.05235173824130875
0 0.15460122699386503 0.5256987048398092 0.06625766871165643 0.38827539195637356
