0 0.009732360097323601 0.41005676880047814 0.019464720194647202 0.0631521966980096
0 0.012165450121654502 0.6533657712335682 0.024330900243309004 0.38972694663042373
0 0.13990267639902676 0.6375236583419929 0.1070559610705596 0.7249526833160144
0 0.2208029197080292 0.6066504460665045 0.042579075425790765 0.4866180048661801
0 0.31386861313868614 0.8932143822654771 0.08272506082725062 0.19897269532306028
0 0.31873479318734793 0.5320356853203569 0.06812652068126525 0.2984590429845904
0 0.2773722627737227 0.4606650446066504 0.03649635036496349 0.1470667748040011
0 0.25243309002433095 0.4552581778859151 0.015815085158150843 0.1276020546093538
0 0.3345498783454988 0.4098404974317383 0.034063260340632624 0.14922952149229524
0 0.38381995133819946 0.48012976480129765 0.025547445255474487 0.2379021357123547
0 0.41788321167883213 0.48986212489862124 0.020681265206812613 0.1535550148688835
0 0.4355231143552311 0.49635036496350365 0.024330900243309018 0.16653149499864817
0 0.4714111922141119 0.4931062449310625 0.027980535279805353 0.19464720194647206
0 0.5231143552311436 0.49635036496350365 0.02919708029197075 0.21843741551770748
0 0.504257907542579 0.4725601513922682 0.015815085158150808 0.14057853473911877
0 0.6344282238442822 0.5028386050283861 0.018248175182481816 0.17518248175182477
0 0.6861313868613138 0.43687483103541497 0.019464720194647355 0.09083536090835359
0 0.7542579075425792 0.4822925114895918 0.048661800486618036 0.20329818869964847
0 0.8485401459854015 0.4606650446066504 0.025547445255474345 0.23790213571235463
0 0.8978102189781022 0.43579345769126787 0.014598540145985339 0.11895106785617728
0 0.9860097323600974 0.43471208434712083 0.013381995133819942 0.07785888077858885
0 0.8789537712895377 0.4422816977561503 0.018248175182481816 0.07569613409029471
0 0.8102189781021898 0.4314679643146796 0.01703163017031642 0.0843471208434712
0 0.7135036496350363 0.4314679643146796 0.02311435523114355 0.049743173830765104
