0 0.06380368098159508 0.6352419904567144 0.11779141104294479 0.7295160190865713
0 0.21288343558282208 0.6391274710293114 0.09202453987730064 0.7154737559645534
0 0.30306748466257666 0.5355146557600545 0.056441717791411 0.38173142467620996
0 0.3196319018404908 0.4155419222903886 0.028220858895705518 0.19413769597818678
0 0.41165644171779137 0.5704158145875938 0.07239263803680977 0.5649625085207908
0 0.45030674846625773 0.4940695296523518 0.051533742331288365 0.3468302658486707
0 0.4901840490797546 0.42753919563735515 0.03558282208588949 0.1788684389911384
0 0.5251533742331289 0.46244035446489434 0.0269938650306748 0.19631901840490806
0 0.7374233128834357 0.4242672119972734 0.026993865030674868 0.13306066802999317
0 0.6828220858895705 0.4079072937968644 0.011042944785276206 0.08725289706884802
0 0.5576687116564417 0.40136332651670076 0.02085889570552162 0.039263803680981584
