0 0.2674846625766871 0.6304021813224268 0.1914110429447853 0.7241990456714382
0 0.42760736196319016 0.6079754601226993 0.1411042944785276 0.7840490797546011
0 0.5674846625766871 0.49516019086571234 0.03312883435582812 0.261758691206544
0 0.6404907975460122 0.5900477164280845 0.0736196319018405 0.5955010224948876
0 0.7208588957055215 0.6085889570552148 0.0625766871165645 0.5409679618268576
0 0.7466257668711657 0.5267893660531697 0.04049079754601223 0.32501704158145883
0 0.8042944785276073 0.4886162235855487 0.02576687116564415 0.17014314928425356
0 0.9766871165644173 0.5902658453423227 0.046625766871165555 0.40834355162534075
0 0.506416294970296 0.43091435882814033 0.02058234413390406 0.10688479890933943
0 0.8300613496932516 0.4264485344239945 0.011042944785275921 0.07198364008179958
0 0.8521472392638038 0.42753919563735515 0.008588957055214763 0.04798909338786643
0 0.9214723926380368 0.42535787321063395 0.024539877300613567 0.05235173824130882
0 0.9012269938650307 0.42535787321063395 0.00858895705521462 0.03490115882753919
