0 0.40920245398773003 0.5802317655078392 0.06012269938650306 0.49297886843899114
0 0.4447852760736196 0.468984321745058 0.03558282208588963 0.22685753237900477
0 0.47261057896560027 0.39645693649129093 0.018889255885792836 0.068281162016792
0 0.8894334921787632 0.4205232476939307 0.010074269805756302 0.09178779156355653
0 0.8718035200186898 0.4154861127910526 0.011333553531475787 0.0794747951342989
0 0.8529142641328968 0.41604579444692796 0.010074269805756302 0.06940052532854267
0 0.7893204359840605 0.41716515775867846 0.012592837257195661 0.06716179870504133
0 0.7688570754411185 0.4154861127910526 0.010703911668615973 0.05932625552278651
0 0.8258396640299273 0.41716515775867863 0.012592837257195271 0.07163925195204407
0 0.8094689755955733 0.4199635660380554 0.015111404708634382 0.068281162016792
0 0.8362287547671133 0.40821025126467314 0.010703911668615973 0.055968165587534396
