0 0.2748466257668712 0.5747784594410361 0.049079754601226995 0.5038854805725971
0 0.3276073619631902 0.4929788684389912 0.044171779141104255 0.38827539195637356
0 0.3730061349693251 0.49188820722563065 0.02944785276073617 0.2159509202453988
0 0.4006134969325153 0.4144512610770279 0.025766871165644217 0.10906612133605996
0 0.4263803680981595 0.38064076346284936 0.04294478527607368 0.0937968643490116
0 0.8411042944785276 0.4100886162235855 0.020858895705521404 0.08725289706884802
0 0.9165644171779141 0.41117927743694616 0.014723926380368084 0.08070892978868444
0 0.9742331288343559 0.4264485344239945 0.024539877300613425 0.1025221540558963
0 0.9490797546012272 0.41663258350374915 0.015950920245398806 0.08725289706884802
0 0.8705521472392639 0.41881390593047035 0.018404907975460107 0.07852760736196317
0 0.7355348854360162 0.4169758734226615 0.014749738422607522 0.06391553316463316
0 0.5751314800901577 0.4194341631597628 0.014749738422607593 0.0524435143914939
0 0.4534461381036444 0.4014067050876868 0.014749738422607595 0.03933263579362041
0 0.2262079805303455 0.39567069570111707 0.04148363931358432 0.07047097246356988
