0 0.07423312883435583 0.6674846625766871 0.13865030674846626 0.6500340831629174
0 0.20122699386503065 0.602044989775051 0.06380368098159508 0.49734151329243353
0 0.26625766871165646 0.5464212678936605 0.05153374233128833 0.42972051806407635
0 0.2883435582822086 0.49952283571915473 0.024539877300613463 0.23122017723244717
0 0.31349693251533745 0.48861622358554874 0.025766871165644183 0.26612133605998634
0 0.3730061349693251 0.5071574642126789 0.041717791411042884 0.2595773687798228
0 0.34110429447852764 0.4635310156782549 0.022085889570552197 0.185412406271302
0 0.449079754601227 0.419904567143831 0.024539877300613567 0.0632583503749148
0 0.8300613496932516 0.4428084526244036 0.018404907975460107 0.12215405589638721
0 0.9901840490797545 0.43735514655760055 0.014723926380368227 0.11124744376278116
0 0.5963761317386296 0.4077792963896492 0.013713599773085648 0.03250631057324007
