0 0.08773006134969324 0.54882071923462 0.1754601226993865 0.8786366801401669
0 0.4325153374233129 0.6167007498295842 0.1435582822085889 0.7665985003408317
0 0.9276073619631902 0.4591683708248126 0.02944785276073617 0.15051124744376282
0 0.9852760736196319 0.452624403544649 0.024539877300613567 0.13742331288343565
0 0.8785276073619633 0.45480572597137015 0.056441717791411036 0.1286980231765508
0 0.8202453987730061 0.46571233810497614 0.03803680981595093 0.09815950920245399
0 0.7834355828220858 0.4482617586912066 0.025766871165644155 0.09379686434901173
0 0.6668711656441718 0.452624403544649 0.05276073619631902 0.10688479890933884
0 0.601840490797546 0.4428084526244035 0.013496932515337434 0.07416496250852084
0 0.5368098159509203 0.4406271301976823 0.06748466257668717 0.07416496250852077
