0 0.2576687116564417 0.5027948193592365 0.06625766871165642 0.3730061349693252
0 0.39509202453987724 0.5104294478527608 0.041717791411042884 0.3141104294478527
0 0.4202453987730061 0.4591683708248126 0.025766871165644148 0.20286298568507163
0 0.4631901840490798 0.4777096114519428 0.0429447852760736 0.2966598500340832
0 0.5079754601226995 0.4984321745057942 0.03680981595092021 0.26830265848670765
0 0.5656441717791411 0.4929788684389908 0.05644171779141101 0.32283571915473686
0 0.5251533742331288 0.4711656441717792 0.024539877300613567 0.2835719154737559
0 0.6110429447852761 0.479890933878664 0.022085889570552127 0.26612133605998634
0 0.6730061349693252 0.5944103612815269 0.0650306748466258 0.5955010224948875
0 0.720245398773003 0.5158827539195636 0.024539877300613598 0.2901158827539197
0 0.7871165644171779 0.4449897750511248 0.03312883435582819 0.17014314928425364
0 0.8306748466257667 0.4242672119972734 0.009815950920245342 0.054533060668030015
0 0.8576687116564418 0.4177232447171095 0.014723926380367992 0.05889570552147239
0 0.9090982420574547 0.4242672119972733 0.014932350240920106 0.08507157464212672
0 0.8781013353503502 0.42132359246183243 0.018284799697447483 0.06772148036091671
0 0.9493358675049893 0.40100714835355744 0.014475466427145846 0.03250631057323993
0 0.9268608012102101 0.42335523687265997 0.015237333081206117 0.06365819153926168
0 0.9805724003214621 0.4165830888365683 0.0236178662758698 0.09616450211250167
