0 0.06687116564417178 0.6153510532496165 0.13374233128834356 0.7194001429895194
0 0.17607361963190185 0.5736877982276755 0.028220858895705518 0.4711656441717792
0 0.13006134969325153 0.6227675528289025 0.049079754601226995 0.5431492842535787
0 0.2251533742331288 0.6445807770961146 0.05521472392638039 0.556237218813906
0 0.2889570552147239 0.5486025903203817 0.047852760736196306 0.43408316291751875
0 0.3288343558282209 0.5093387866394002 0.04417177914110429 0.26830265848670765
0 0.42576687116564416 0.6238582140422632 0.11288343558282207 0.6413087934560328
0 0.5159509202453986 0.5311520109066121 0.04785276073619618 0.47334696659850034
0 0.5834355828220859 0.6184049079754601 0.07239263803680984 0.5867757327880028
0 0.8067484662576687 0.5021813224267212 0.2049079754601226 0.9956373551465576
0 0.936196319018405 0.4580777096114521 0.024539877300613414 0.13524199045671445
