0 0.09079754601226994 0.7824812542603954 0.1030674846625767 0.4350374914792092
0 0.10552147239263804 0.5224267211997274 0.06380368098159506 0.35119291070211334
0 0.15582822085889572 0.43408316291751875 0.051533742331288365 0.2224948875255624
0 0.23987730061349694 0.6391274710293116 0.06748466257668713 0.5715064758009544
0 0.20368098159509201 0.45589638718473074 0.03190184049079754 0.2530334014996592
0 0.2785276073619632 0.4820722563053852 0.03435582822085891 0.2530334014996592
0 0.31779141104294484 0.4897068847989094 0.03435582822085895 0.20722563053851403
0 0.38588957055214723 0.447171097477846 0.04785276073619635 0.28793456032719844
0 0.4950920245398774 0.601908657123381 0.17300613496932507 0.7961826857532377
0 0.01717791411042945 0.4550238548856084 0.0343558282208589 0.22511246778076
0 0.9779141104294479 0.447171097477846 0.012269938650306643 0.14396728016359917
0 0.9938650306748466 0.45371506475800955 0.009815950920245342 0.11779141104294481
0 0.8871165644171779 0.42317655078391275 0.019631901840490826 0.07416496250852077
0 0.8404907975460125 0.43844580777096104 0.036809815950920595 0.07852760736196353
0 0.803680981595092 0.43517382413087935 0.024539877300613425 0.0894342194955692
0 0.7730061349693251 0.4406271301976824 0.02944785276073617 0.07852760736196324
0 0.7460122699386502 0.45044308111792775 0.017177914110429526 0.10252215405589644
0 0.6791411042944786 0.44389911383776415 0.05766871165644176 0.05889570552147234
0 0.6061349693251533 0.43735514655760055 0.03680981595092014 0.05017041581458756
