0 0.04987834549878345 0.5320356853203568 0.0413625304136253 0.2725060827250608
0 0.220802919708029 0.5255474452554745 0.037712895377128915 0.2941335496080023
0 0.19038929440389296 0.5158150851581509 0.020681265206812648 0.2227629088942958
0 0.29562043795620435 0.566639632333063 0.06812652068126518 0.4022708840227089
0 0.402676399026764 0.5828602324952691 0.05839416058394164 0.41308461746417957
0 0.4391727493917274 0.5136523384698567 0.034063260340632624 0.3352257366855907
0 0.5006082725060828 0.5547445255474451 0.0571776155717761 0.40875912408759113
0 0.5377128953771292 0.5298729386320628 0.03649635036496348 0.33738848337388483
0 0.6301703163017032 0.6358475263584753 0.07542579075425791 0.7050554203838876
0 0.9197080291970804 0.5644768856447687 0.08029197080291979 0.5104082184374154
0 0.7305352798053528 0.4433630711002974 0.02068126520681275 0.07785888077858885
0 0.7402676399026764 0.43146796431467954 0.01824817518248124 0.054068667207353246
