0 0.1240875912408759 0.5594755339280887 0.2043795620437956 0.8810489321438226
0 0.2944038929440389 0.5060827250608273 0.034063260340632624 0.2638550959718842
0 0.3819951338199513 0.6466612597999459 0.08272506082725059 0.5796161124628277
0 0.4391727493917275 0.4660719113273858 0.021897810218978152 0.16220600162205998
0 0.45681265206812655 0.49094349824276834 0.018248175182481743 0.18167072181670726
0 0.4884428223844282 0.4790483914571506 0.032846715328467155 0.17950797512841304
0 0.5334549878345498 0.4790483914571506 0.018248175182481816 0.12327656123276555
0 0.5504866180048661 0.4585022979183563 0.018248175182481816 0.12111381454447148
0 0.5766423357664233 0.47364152473641524 0.024330900243308945 0.16004325493376598
0 0.5127737226277372 0.45633955123006215 0.010948905109489147 0.08218437415517699
0 0.6167883211678833 0.42930521762638546 0.00729927007299274 0.03676669370100022
0 0.8734793187347927 0.454176804541768 0.024330900243309087 0.14274128142741274
0 0.9774939172749392 0.4282238442822384 0.013381995133819942 0.09083536090835359
0 0.9933090024330901 0.41741011084076773 0.010948905109489005 0.038929440389294426
0 0.7092457420924575 0.43471208434712083 0.017031630170316277 0.043254933765882624
