0 0.05766871165644171 0.6434901158827538 0.09325153374233128 0.6631220177232447
0 0.17668711656441718 0.6358554873892297 0.12515337423312886 0.6609406952965234
0 0.3319018404907975 0.6609406952965236 0.09202453987730057 0.5933197000681664
0 0.23558282208588946 0.501704158145876 0.05153374233128848 0.25303340149965925
0 0.6368098159509202 0.6162235855487388 0.1325153374233129 0.7525562372188138
0 0.7411042944785277 0.5431492842535788 0.056441717791411036 0.3577368779822768
0 0.9570552147239262 0.5693251533742333 0.07852760736196251 0.4798909338786641
0 0.9042944785276071 0.5420586230402183 0.0515337423312883 0.3250170415814589
0 0.8552147239263803 0.45044308111792775 0.019631901840490826 0.10252215405589644
0 0.8208588957055215 0.4548057259713702 0.03680981595092021 0.12433537832310847
0 0.43006134969325155 0.5387866394001364 0.04785276073619627 0.36209952283571917
0 0.47791411042944787 0.5169734151329243 0.05276073619631894 0.3751874573960463
0 0.38957055214723924 0.47116564417177914 0.018404907975460034 0.13960463531015685
0 0.26380368098159507 0.45807770961145194 0.019631901840490792 0.12215405589638721
