0 0.07484662576687115 0.5815405556354376 0.1496932515337423 0.8131970073385305
0 0.19386503067484664 0.6673483299250171 0.07116564417177916 0.6653033401499658
0 0.28466257668711653 0.6282208588957054 0.11779141104294479 0.7198364008179958
0 0.35460122699386504 0.5573278800272665 0.044171779141104255 0.36428084526244037
0 0.39079754601226996 0.4733469665985004 0.03558282208588956 0.2530334014996592
0 0.4404907975460122 0.5246080436264485 0.046625766871165625 0.3032038173142467
0 0.5773553198898589 0.42007013471111654 0.009815950920245113 0.026175869120654564
0 0.40681300429675515 0.4216426110056814 0.014481762845774498 0.05820689221103578
0 0.5980888356603846 0.41637420269128456 0.006244382111006033 0.015726591983274148
0 0.6285301984515383 0.4260876859750715 0.021334972212603488 0.04255430771944766
0 0.5619234559341421 0.4237749518598842 0.0140498597497632 0.037928839489072885
