0 0.05596107055961071 0.6888348202216815 0.11192214111922141 0.6207082995404164
0 0.25790754257907544 0.6044876993782105 0.055961070559610665 0.4866180048661801
0 0.13381995133819952 0.552581778859151 0.03649635036496351 0.30927277642606116
0 0.3381995133819953 0.5298729386320626 0.03892944038929445 0.26385509597188433
0 0.39720194647201945 0.5925925925925926 0.06690997566909986 0.501757231684239
0 0.4391727493917275 0.47364152473641524 0.031630170316301755 0.14274128142741282
0 0.4683698296836982 0.46715328467153283 0.012165450121654472 0.08650986753176532
0 0.5060827250608273 0.47364152473641524 0.01459854014598548 0.15139226818058937
0 0.5243309002433093 0.45093268450932683 0.017031630170316094 0.11462557447958927
0 0.5583941605839416 0.5471749121384158 0.038929440389294495 0.2681805893484725
0 0.6125304136253041 0.534198432008651 0.04501216545012163 0.2984590429845904
0 0.7493917274939172 0.4617464179507975 0.01946472019464707 0.14922952149229515
