0 0.050920245398773004 0.6347648261758692 0.09693251533742331 0.7154737559645534
0 0.1460122699386503 0.5616905248807089 0.05153374233128835 0.3424676209952283
0 0.2177914110429448 0.6456714383094752 0.07730061349693255 0.5758691206543967
0 0.30552147239263816 0.6380368098159508 0.09815950920245395 0.6827539195637352
0 0.44294478527607367 0.6184049079754601 0.09570552147239261 0.6347648261758692
0 0.5233128834355828 0.5878663940013632 0.0650306748466258 0.6216768916155416
0 0.7092024539877301 0.6107702794819359 0.07607361963190186 0.5409679618268575
0 0.9858895705521473 0.44520790396536297 0.02822085889570545 0.14004089313863324
0 0.9447852760736197 0.44389911383776415 0.017177914110429526 0.0894342194955692
0 0.9122699386503066 0.4711656441717792 0.015950920245398806 0.11779141104294481
0 0.8938650306748464 0.4438991138377638 0.02085889570552145 0.08943421949556914
0 0.7521472392638038 0.45480572597137015 0.009815950920245342 0.08507157464212675
0 0.6050731368110537 0.475781332081333 0.020858895705521373 0.17450579413769648
